<?xml version="1.0" encoding="UTF-8" standalone="no"?>
<!DOCTYPE svg PUBLIC "-//W3C//DTD SVG 20010904//EN"
              "http://www.w3.org/TR/2001/REC-SVG-20010904/DTD/svg10.dtd">

<svg xmlns="http://www.w3.org/2000/svg"
     width="26.6667in" height="15in"
     viewBox="0 0 1920 1080">
  <path id="Senza nome"
        fill="none" stroke="black" stroke-width="1"
        d="M 416.99,1008.02
           C 416.99,1008.02 420.03,1008.00 420.00,1008.00
             419.98,1008.00 420.00,1007.00 420.00,1007.00
             420.00,1007.00 483.98,1007.00 483.98,1007.00
             483.98,1007.00 483.98,1008.03 483.98,1008.03
             483.98,1008.03 489.02,1008.02 489.02,1008.02
             489.02,1008.02 489.02,1007.02 489.02,1007.02
             489.02,1007.02 629.99,1007.02 629.99,1007.02
             629.99,1007.02 629.99,1008.01 629.99,1008.01
             629.99,1008.01 633.96,1007.99 633.98,1008.01
             634.01,1008.03 634.00,1006.99 633.99,1006.99
             633.98,1006.99 774.99,1007.01 774.99,1007.01
             774.99,1007.01 774.99,1008.00 774.99,1008.00
             774.99,1008.00 779.98,1008.00 779.98,1008.00
             779.98,1008.00 779.97,1007.00 779.97,1007.00
             779.97,1007.00 919.99,1007.02 919.99,1007.02
             919.99,1007.02 919.98,1008.01 919.98,1008.01
             919.98,1008.01 924.99,1008.00 924.99,1008.00
             924.99,1008.00 925.00,1007.01 925.00,1007.01
             925.00,1007.01 1065.99,1007.00 1065.99,1007.00
             1065.99,1007.00 1066.00,1008.01 1066.00,1008.01
             1066.00,1008.01 1070.00,1007.99 1070.00,1007.99
             1070.00,1007.99 1070.00,1006.00 1070.00,1006.00
             1070.00,1006.00 1210.99,1005.99 1210.99,1005.99
             1210.99,1005.99 1210.99,1007.01 1210.99,1007.01
             1210.99,1007.01 1215.99,1006.98 1215.99,1006.98
             1215.99,1006.98 1216.01,1006.00 1216.01,1006.00
             1216.01,1006.00 1229.00,1006.00 1229.00,1006.00
             1229.00,1006.00 1229.01,1007.02 1229.01,1007.02
             1229.01,1007.02 1230.00,1007.00 1230.00,1007.00
             1230.00,1007.00 1229.99,1009.00 1229.99,1009.00
             1229.99,1009.00 1231.00,1009.00 1231.00,1009.00
             1231.00,1009.00 1231.00,1011.00 1231.00,1011.00
             1231.00,1011.00 1232.00,1010.99 1232.00,1010.99
             1232.00,1010.99 1232.00,1013.00 1232.00,1013.00
             1232.00,1013.00 1232.99,1013.00 1232.99,1013.00
             1232.99,1013.00 1232.98,1013.99 1232.98,1013.99
             1232.98,1013.99 1233.99,1013.99 1233.99,1013.99
             1233.99,1013.99 1234.00,1016.01 1234.00,1016.01
             1234.00,1016.01 1235.00,1016.00 1235.00,1016.00
             1235.00,1016.00 1235.01,1023.00 1235.01,1023.00
             1235.01,1023.00 1236.00,1023.00 1236.00,1023.00
             1236.00,1023.00 1236.00,1024.99 1236.00,1024.99
             1236.00,1024.99 1237.00,1025.00 1237.00,1025.00
             1237.00,1025.00 1236.99,1026.01 1236.99,1026.01
             1236.99,1026.01 1242.00,1026.00 1242.00,1026.00
             1242.00,1026.00 1242.00,1016.00 1242.00,1016.00
             1242.00,1016.00 1452.98,1016.01 1452.98,1016.01
             1452.98,1016.01 1453.00,1023.01 1453.00,1023.01
             1453.00,1023.01 1453.99,1023.00 1453.99,1023.00
             1453.99,1023.00 1454.00,1024.00 1454.00,1024.00
             1454.00,1024.00 1454.99,1024.00 1454.99,1024.00
             1454.99,1024.00 1455.01,1026.02 1455.01,1026.02
             1455.01,1026.02 1460.02,1025.98 1460.02,1025.98
             1460.02,1025.98 1460.00,1025.00 1460.00,1025.00
             1460.00,1025.00 1461.00,1024.98 1461.00,1024.98
             1461.00,1024.98 1460.99,1013.99 1460.99,1014.00
             1460.99,1014.01 1461.99,1014.00 1461.99,1014.00
             1461.99,1014.00 1462.00,1015.98 1462.00,1015.98
             1462.00,1015.98 1463.00,1015.98 1463.00,1015.98
             1463.00,1015.98 1463.00,1016.97 1463.00,1016.97
             1463.00,1016.97 1468.00,1016.94 1468.00,1016.94
             1468.00,1016.94 1468.00,1016.00 1468.00,1016.00
             1468.00,1016.00 1468.98,1016.00 1468.98,1016.00
             1468.98,1016.00 1469.00,1008.00 1469.00,1008.00
             1469.00,1008.00 1468.00,1008.00 1468.00,1008.00
             1468.00,1008.00 1468.00,1007.00 1468.00,1007.00
             1468.00,1007.00 1467.00,1007.00 1467.00,1007.00
             1467.00,1007.00 1466.99,1006.00 1466.99,1006.00
             1466.99,1006.00 1498.99,1006.02 1498.99,1006.02
             1498.99,1006.02 1499.00,1007.01 1499.00,1007.01
             1499.00,1007.01 1504.01,1006.99 1504.01,1006.99
             1504.01,1006.99 1504.01,1002.99 1504.01,1002.99
             1504.01,1002.99 1503.00,1003.00 1503.00,1003.00
             1503.00,1003.00 1503.00,1001.99 1503.00,1001.99
             1503.00,1001.99 1502.00,1001.99 1502.00,1001.99
             1502.00,1001.99 1502.00,1001.00 1502.00,1001.00
             1502.00,1001.00 1501.00,1000.99 1501.00,1000.99
             1501.00,1000.99 1501.00,844.00 1501.00,844.00
             1501.00,844.00 1501.99,844.00 1501.99,844.00
             1501.99,844.00 1501.99,835.00 1501.99,835.00
             1501.99,835.00 1501.00,835.00 1501.00,835.00
             1501.00,835.00 1500.99,672.01 1500.99,672.00
             1500.99,671.99 1508.00,672.00 1508.00,672.00
             1508.00,672.00 1508.01,673.03 1508.01,673.03
             1508.01,673.03 1540.00,672.99 1540.00,672.99
             1540.00,672.99 1539.99,34.99 1539.99,34.99
             1539.99,34.99 739.00,36.00 739.00,36.00
             739.00,36.00 739.00,94.00 739.00,94.00
             739.00,94.00 459.00,93.00 459.00,93.00
             459.00,93.00 459.00,92.01 459.00,92.01
             459.00,92.01 458.00,92.01 458.00,92.01
             458.00,92.01 458.00,91.00 458.00,91.00
             458.00,91.00 457.00,90.99 457.00,90.99
             457.00,90.99 457.00,89.98 457.00,89.99
             457.00,90.00 456.00,89.99 456.00,89.99
             456.00,89.99 456.00,89.00 456.00,89.00
             456.00,89.00 455.00,88.99 455.00,88.99
             455.00,88.99 455.03,87.98 455.03,87.98
             455.03,87.98 441.98,87.97 441.98,87.97
             441.98,87.97 441.99,85.98 441.99,85.98
             441.99,85.98 439.98,85.99 439.98,85.99
             439.98,85.99 439.99,83.98 439.99,83.98
             439.99,83.98 438.01,84.00 438.00,84.00
             438.00,84.00 437.99,83.01 437.99,83.01
             437.99,83.01 436.00,83.00 436.00,83.00
             436.00,83.00 436.00,80.99 436.00,80.99
             436.00,80.99 434.00,80.99 434.00,80.99
             434.00,80.99 434.01,78.99 434.00,78.99
             434.00,78.99 432.00,79.01 432.00,79.01
             432.00,79.01 431.99,77.02 431.99,77.02
             431.99,77.02 430.98,77.00 430.98,77.00
             430.98,77.00 430.98,76.01 430.98,76.01
             430.98,76.01 429.00,76.00 429.00,76.00
             429.00,76.00 428.99,74.00 428.99,74.00
             428.99,74.00 427.00,74.00 427.00,74.00
             427.00,74.00 427.01,72.00 427.01,72.00
             427.01,72.00 424.99,71.99 424.99,71.99
             424.99,71.99 424.99,73.99 424.99,73.99
             424.99,73.99 423.91,74.00 423.91,74.00
             423.91,74.00 422.98,263.02 422.98,263.02
             422.98,263.02 423.98,263.02 423.98,263.02
             423.98,263.02 423.00,380.03 423.00,380.03
             423.00,380.03 424.00,380.03 424.00,380.03
             424.00,380.03 423.98,999.00 423.98,999.00
             423.98,999.00 422.99,998.99 422.99,998.99
             422.99,998.99 423.00,1000.00 423.00,1000.00
             423.00,1000.00 422.00,1000.00 422.00,1000.00
             422.00,1000.00 422.01,1001.00 422.01,1001.00
             422.01,1001.00 421.00,1001.00 421.00,1001.00
             420.99,1001.00 421.00,1002.00 421.00,1002.00
             421.00,1002.00 420.00,1001.99 420.00,1001.99
             420.00,1001.99 420.00,1003.00 420.00,1003.00
             420.00,1003.00 419.00,1003.01 419.00,1003.01
             419.00,1003.01 419.00,1004.00 419.00,1004.00
             419.00,1004.00 417.00,1004.00 417.00,1004.00
             417.00,1004.00 416.99,1008.02 416.99,1008.02 Z" />
</svg>
